Confidence level for equal-tailed bands
        0.68000000
mean, std dev, median, lower percentile, upper percentile
        1.00000000        -0.00221110        -0.42179119        0.03574089         1.06818123
        -0.00319182        -0.37611534        0.03918686        1.07809060         -0.00153500
        -0.34809993        0.03374300        1.04290494        -0.00237492         -0.31070403
        0.03126564        1.01032365        -0.00408936        -0.28414303         0.02316577
        0.97017733        -0.00506884        -0.30489216        0.02059939         0.88853146
        -0.00046166        -0.32785374        0.01224591        0.82256865         -0.00542989
        -0.34381343        0.00470123        0.77378703        -0.00535633         -0.37015471
        -0.00048537        0.72444245        -0.00628654        -0.43411068         0.00310803
        0.68014183        -0.00652662        -0.42247306        0.00142755         0.62817469
        -0.00562232        -0.42272048        0.00585669        0.57837664         -0.00554193
        -0.41691816        0.00555373        0.54013980        -0.00443682         -0.37364353
        0.00937133        0.50267058        -0.00408194        -0.35780783         0.01124042
        0.46027519        -0.00396826        -0.30217094        0.01346868         0.41507944
        -0.00342625        -0.25004296        0.01223512        0.37095644         -0.00330669
        -0.18804476        0.01165485        0.32982693        -0.00216696         -0.15059316
        0.01074523        0.29574926        -0.00132753        -0.11209814         0.00997585
        0.25417992        -0.00157836        -0.09633723        0.00941103         1.00000000
        -0.00221110        -0.42179119        0.03574089        0.06818123         -0.00098072
        0.04567585        0.00344597        0.00990937        0.00165682         0.02801540
        -0.00544386        -0.03518566        -0.00083993        0.03739590         -0.00247736
        -0.03258129        -0.00171444        0.02656100        -0.00809987         -0.04014632
        -0.00097948        -0.02074913        -0.00256638        -0.08164587         0.00460718
        -0.02296158        -0.00835348        -0.06596282        -0.00496823         -0.01595969
        -0.00754468        -0.04878161        0.00007356        -0.02634128         -0.00518661
        -0.04934459        -0.00093020        -0.06395597        0.00359340         -0.04430062
        -0.00024009        0.01163762        -0.00168048        -0.05196714         0.00090430
        -0.00024742        0.00442914        -0.04979805        0.00008040         0.00580232
        -0.00030296        -0.03823684        0.00110510        0.04327463         0.00381760
        -0.03746923        0.00035489        0.01583571        0.00186909         -0.04239538
        0.00011368        0.05563689        0.00222826        -0.04519575         0.00054201
        0.05212798        -0.00123357        -0.04412301        0.00011956         0.06199820
        -0.00058027        -0.04112951        0.00113973        0.03745160         -0.00090961
        -0.03407767        0.00083943        0.03849502        -0.00076938         -0.04156933
        -0.00025083        0.01576091        -0.00056482        0.00000000         0.00193100
        0.24973712        0.01606396        0.22709847        0.00423677         0.35099559
        0.02123890        0.27688588        0.00594776        0.42255775         0.02341705
        0.34342513        0.00706034        0.51447572        0.02578100         0.39224367
        0.00802289        0.59628907        0.02761570        0.44736607         0.00860955
        0.66473498        0.02933215        0.49207006        0.00876022         0.72626571
        0.03036889        0.53299347        0.00888200        0.76674175         0.03093341
        0.55842571        0.00900821        0.78695003        0.03052504         0.57297119
        0.00902853        0.79873096        0.02746873        0.57765765         0.00917708
        0.79438260        0.02696428        0.57755307        0.00915362         0.78165506
        0.02710933        0.57028200        0.00887735        0.75459431         0.02674410
        0.55315335        0.00879324        0.72943887        0.02583640         0.53012563
        0.00862478        0.70225478        0.02555227        0.50588793         0.00846135
        0.66910901        0.02533064        0.47590322        0.00824440         0.63515261
        0.02492207        0.44394122        0.00790745        0.58582361         0.02377260
        0.41107750        0.00745535        0.54309699        0.02294826         0.38178955
        0.00708883        0.50309536        0.02198718        0.35371680         0.00660034
        0.46370783        0.02107859        0.00000000        0.00193100         0.24973712
        0.01606396        0.15444801        0.00391055        0.23226767         0.01294648
        0.17586376        0.00432024        0.26582395        0.01450419         0.19215143
        0.00471379        0.29448806        0.01511647        0.21078891         0.00513700
        0.31653535        0.01632480        0.22805068        0.00534609         0.34087175
        0.01721131        0.24647856        0.00577624        0.37465628         0.01869983
        0.22903951        0.00550270        0.35288499        0.01775041         0.21312159
        0.00506045        0.32907536        0.01657694        0.20488356         0.00492144
        0.30027521        0.01586727        0.18721423        0.00478066         0.28780902
        0.01463269        0.18126663        0.00447993        0.27346265         0.01405643
        0.17010386        0.00418313        0.26118666        0.01351947         0.16322608
        0.00410566        0.24633445        0.01319248        0.15539869         0.00391708
        0.24053156        0.01234571        0.15520521        0.00371389         0.23356531
        0.01216785        0.14464521        0.00378421        0.21926354         0.01175914
        0.13760632        0.00353715        0.21482873        0.01133789         0.13659520
        0.00337830        0.20448651        0.01060250        0.12908522         0.00337253
        0.19727257        0.01038635        0.12717677        0.00319449         0.19000571
        0.01023894        1.00000000        -0.00169278        -0.39788829         0.03531649
        1.06875693        -0.00314391        -0.36081341        0.03917576         1.07314983
        -0.00145369        -0.34738864        0.03339485        1.03504354         -0.00235032
        -0.30526200        0.03087687        1.00410847        -0.00406803         -0.28422179
        0.02228420        0.97200814        -0.00519324        -0.30680444         0.02052293
        0.88876529        -0.00021876        -0.32729180        0.01140954         0.82130110
        -0.00570898        -0.34495158        0.00412193        0.77480220         -0.00554931
        -0.37892178        -0.00053121        0.72136731        -0.00646601         -0.45970353
        0.00352874        0.66607949        -0.00657517        -0.44329676         0.00137243
        0.62263429        -0.00563532        -0.45380376        0.00660238         0.58087209
        -0.00550718        -0.42931141        0.00603979        0.53644665         -0.00453133
        -0.40316181        0.01008238        0.49546563        -0.00404189         -0.37969523
        0.01098925        0.45687277        -0.00398936        -0.30794096         0.01370599
        0.41389738        -0.00354569        -0.25934672        0.01206942         0.37454577
        -0.00326225        -0.18704596        0.01127866        0.33703010         -0.00214715
        -0.14873815        0.01092715        0.29714268        -0.00133863         -0.10609934
        0.01008023        0.25401685        -0.00149332        -0.09616147         0.00925755
        1.00000000        -0.00169278        -0.39788829        0.03531649         0.06485469
        -0.00110415        0.05095325        0.00343366        0.00849341         0.00164942
        0.02496215        -0.00543267        -0.03051274        -0.00075528         0.03772392
        -0.00253791        -0.03381797        -0.00182235        0.03466002         -0.00848345
        -0.04177820        -0.00108629        -0.02970228        -0.00254132         -0.08121158
        0.00471564        -0.02677544        -0.00811487        -0.06958979         -0.00497984
        -0.02272342        -0.00743451        -0.04313595        -0.00001968         -0.02677758
        -0.00534343        -0.04716149        -0.00083281        -0.06475682         0.00368059
        -0.04528545        -0.00023488        0.01523995        -0.00203139         -0.05265432
        0.00090353        0.00172403        0.00454540        -0.04939358         0.00008902
        0.00962982        0.00003290        -0.04047162        0.00106336         0.04334872
        0.00408550        -0.03462223        0.00039621        0.01917316         0.00176209
        -0.04603260        0.00006453        0.05359793        0.00236039         -0.04718354
        0.00054788        0.05051962        -0.00127903        -0.04359522         0.00010843
        0.06484471        -0.00071105        -0.03996711        0.00112770         0.03126592
        -0.00086539        -0.03391189        0.00091356        0.04557181         -0.00083552
        -0.04307468        -0.00023069        0.01337616        -0.00059941         1.00000000
        -0.00397880        -0.68040683        0.01924458        0.83673249         -0.00738253
        -0.72511932        0.01722207        0.80240806        -0.00744669         -0.77287761
        0.01060710        0.70123182        -0.00937178        -0.84105201         0.00565336
        0.62355514        -0.01218727        -0.88653030        -0.00373300         0.51799652
        -0.01355065        -0.96451976        -0.00928035        0.39616105         -0.00931078
        -1.03382943        -0.01771055        0.28649068        -0.01427879         -1.09599354
        -0.02593681        0.19979715        -0.01424427        -1.14315719         -0.03054553
        0.15105182        -0.01521244        -1.24681854        -0.02444422         0.11431158
        -0.01558917        -1.18773952        -0.02477335        0.05895335         -0.01487844
        -1.19015489        -0.02117270        0.01604906        -0.01439769         -1.17803320
        -0.02044159        -0.00254017        -0.01301538        -1.11818836         -0.01650789
        -0.02017385        -0.01249514        -1.06093289        -0.01328701         -0.04599403
        -0.01222928        -0.98644578        -0.01144047        -0.05942334         -0.01154379
        -0.88178140        -0.01211132        -0.06942421        -0.01126822         -0.78274623
        -0.01210608        -0.07425670        -0.00964848        -0.70220077         -0.01237895
        -0.08662431        -0.00842205        -0.61504658        -0.01182616         -0.09796998
        -0.00816565        -0.57677207        -0.01129760        1.00000000         -0.00397880
        -0.68040683        0.01924458        -0.08383495        -0.00483561         -0.18936125
        -0.00958559        -0.16720391        -0.00270408        -0.24010306         -0.01959231
        -0.22882974        -0.00545275        -0.25683195        -0.01765644         -0.24065959
        -0.00683836        -0.29492532        -0.02421295        -0.27015425         -0.00626485
        -0.35017609        -0.02006559        -0.32841544        -0.00116197         -0.39635531
        -0.02700563        -0.29765993        -0.01038654        -0.36819270         -0.02534076
        -0.26932075        -0.00486003        -0.34697812        -0.02198298         -0.25525983
        -0.00582183        -0.36145554        -0.01190285        -0.23084623         -0.00493774
        -0.27055793        -0.01641010        -0.23131641        -0.00365601         -0.26990385
        -0.00945798        -0.22301375        -0.00399514        -0.24997594         -0.01396923
        -0.19967948        -0.00295531        -0.20719348        -0.00949522         -0.19308021
        -0.00348946        -0.22584383        -0.01017820        -0.19921036         -0.00352201
        -0.17141014        -0.01006653        -0.18928082        -0.00323715         -0.16600367
        -0.01293181        -0.17786896        -0.00335956        -0.14770999         -0.01167764
        -0.18015934        -0.00220304        -0.16618495        -0.01134694         -0.15868518
        -0.00250879        -0.16454253        -0.01114320        -0.16555180         -0.00346112
        -0.17434337        -0.01109233        1.00000000        -0.00042536         -0.16016592
        0.05166319        1.29462546        0.00107839        -0.03026971         0.06028595
        1.36225085        0.00432602        0.07982666        0.05705929         1.38808098
        0.00471870        0.19532954        0.05621912        1.39683401         0.00392213
        0.30559547        0.05054705        1.41420278        0.00344868         0.36320317
        0.04948202        1.37354544        0.00828299        0.37952672         0.04243187
        1.36186251        0.00323404        0.41026938        0.03504892         1.33785868
        0.00364841        0.42260450        0.02927597        1.28896745         0.00273194
        0.37054274        0.02916422        1.25267403        0.00255566         0.36629071
        0.02803517        1.20685423        0.00346806        0.37689390         0.03238367
        1.14506480        0.00327176        0.35291217        0.03213073         1.09055867
        0.00432029        0.36853553        0.03466049        1.02766690         0.00474675
        0.36399178        0.03663513        0.96999465        0.00449883         0.39251495
        0.03880689        0.88931062        0.00496353        0.39063081         0.03687421
        0.81316083        0.00436503        0.39197430        0.03549260         0.73355059
        0.00502010        0.38806510        0.03335610        0.67569845         0.00564215
        0.38814320        0.03200075        0.61152906        0.00493044         0.37775412
        0.03094020        1.00000000        -0.00042536        -0.16016592         0.05166319
        0.22640592        0.00307985        0.27284769        0.01625715         0.18364128
        0.00582794        0.28788802        0.00863893        0.15490592         0.00372092
        0.32897124        0.01274908        0.17857061        0.00343520         0.32711616
        0.00803843        0.18394486        0.00436210        0.31090957         0.01464494
        0.15731115        0.01017707        0.34761777        0.01029661         0.16853327
        0.00046102        0.33203771        0.00998714        0.16220568         0.00494828
        0.30867330        0.01128721        0.15391182        0.00394422         0.23957813
        0.01928685        0.14401750        0.00450315        0.29709425         0.01317658
        0.12882641        0.00533508        0.26808154        0.01834528         0.11799880
        0.00418646        0.27138874        0.01292298        0.12362553         0.00522338
        0.28613237        0.01717778        0.12162582        0.00430834         0.25228776
        0.01407286        0.11970725        0.00390212        0.28048406         0.01435425
        0.09530287        0.00433575        0.27139779        0.01035006         0.09382966
        0.00365837        0.27859134        0.01033994        0.09444961         0.00444090
        0.23906001        0.00974436        0.09376971        0.00422746         0.23426541
        0.00935772        0.08244028        0.00284439        0.20429103         0.00981507
correlation between draws(1, 5, 10, 20 draws apart)
        NaN        -0.00191538        0.00539776        0.01011145
        0.03114123        0.00347960        0.00281794        0.02033687
        0.01245133        -0.00753254        0.01483808        -0.00571635
        0.02211137        -0.02439804        0.01320704        0.02679023
        0.03587710        0.00202893        0.00466192        0.04470806
        0.02821489        -0.01702904        0.01974599        0.02521758
        0.01258755        -0.01676511        0.00747057        0.01947191
        0.00700512        -0.00657692        0.00705172        0.01241074
        0.00633807        -0.00363061        0.00581996        0.03312713
        -0.00675374        0.00191710        0.00672388        0.02211165
        -0.01018219        -0.00325886        0.01527449        0.04450858
        -0.01579619        -0.00309416        0.02368428        0.03263280
        -0.01353146        -0.00672510        0.01613233        0.01180626
        -0.00126144        -0.01079012        0.01153647        0.01457290
        0.00791689        -0.01986491        -0.00100253        0.01184271
        -0.00089241        -0.01407331        0.00279030        0.01644780
        0.01156303        -0.01380412        0.00296066        0.01509901
        0.01291662        -0.01924708        0.00315644        0.00722041
        0.01522913        -0.00608756        -0.00551400        0.02548058
        0.01156474        0.00258340        -0.00236128        0.02537531
        0.01642853        -0.00448834        -0.02829033        0.01478882
        NaN        -0.00191538        0.00539776        0.01011145
        0.01497780        0.01544908        0.03101930        0.01404734
        -0.01936435        0.00720354        0.01858149        0.04141843
        0.00999734        -0.03998882        0.01206618        0.03007380
        -0.01125088        -0.02076583        -0.01456722        -0.00714086
        0.01580261        -0.00285683        -0.00415119        0.01292642
        -0.00942732        0.03178504        -0.01826247        0.00489372
        0.01723714        0.00644292        -0.00223345        -0.00462248
        0.02072638        0.02055413        0.01035602        -0.01566020
        -0.01767143        0.00600827        -0.01911371        0.01403044
        -0.00619131        -0.00290757        -0.01891511        0.01595686
        -0.00025528        0.01038230        -0.01179340        0.03274738
        -0.00241499        0.04215077        -0.00948963        0.00655423
        -0.01244476        -0.02246125        -0.01372892        -0.00989804
        -0.01931557        -0.00166776        -0.01131780        0.02294167
        -0.00949172        -0.00964080        0.00552861        0.00735720
        -0.00285299        -0.01986456        0.00279929        0.01426988
        0.00478653        0.00366630        0.01092737        -0.00057861
        0.01235651        0.00937787        0.00525703        0.00275804
        0.02309545        -0.02176418        -0.01384991        -0.03492117
        -0.03300478        -0.00307771        0.02980004        -0.02260463
        NaN        0.00496303        0.00663109        -0.02682032
        0.00342519        -0.04516956        -0.02076197        -0.02726345
        -0.00521136        -0.01285200        -0.01692841        0.00602402
        -0.01323275        -0.00216091        -0.00293953        0.00487301
        -0.03135923        0.01486378        -0.00629697        -0.00174098
        -0.01535513        -0.01202601        -0.01109111        -0.01770162
        0.00156444        -0.00346861        -0.02201156        -0.02028258
        0.00375284        -0.01321649        -0.01499871        -0.03606319
        0.00550742        -0.01826612        -0.00547839        -0.01195502
        0.02551152        -0.02656943        0.00842156        0.01603694
        0.02278006        -0.00286760        0.01134601        0.02052508
        0.02458841        -0.01289609        0.00349088        0.03174181
        0.01673479        -0.01961502        0.01149969        0.03102334
        0.01378664        -0.00576553        0.00545120        0.01478418
        0.02343922        0.00992719        -0.00301156        0.02225706
        0.02332615        0.02526220        -0.00459088        0.02738252
        0.01286266        0.02441895        -0.00483971        0.02793959
        0.00625262        0.02420799        0.00248575        0.01330708
        -0.00783052        0.02674342        0.00704730        0.01628205
        0.00175161        0.04053524        0.00630604        0.00675876
        0.00624741        0.04578044        0.01646065        0.00882588
        NaN        0.00496303        0.00663109        -0.02682032
        -0.01131008        -0.04008634        -0.02714435        -0.01166288
        -0.00247397        0.01104162        0.01092146        0.00223845
        -0.01157376        0.01016036        0.01055120        -0.01458076
        0.00640228        0.00259523        -0.02202178        0.01391817
        0.00074123        0.01154960        0.03171595        -0.00643698
        0.03054374        0.02958059        -0.00505138        -0.00964409
        0.01467074        -0.02785129        0.00965735        -0.02349272
        0.02678787        -0.00966511        -0.00650355        -0.00590325
        0.00886659        0.02172823        0.01516031        0.00761025
        0.01621893        0.02534998        -0.03704875        0.00824375
        0.02410441        -0.02903961        0.01059507        -0.00701418
        0.00266718        -0.01727680        -0.02063516        0.01577647
        -0.01590195        -0.00964394        -0.00570833        -0.01411448
        0.00698165        -0.02153585        -0.01550929        -0.04351388
        -0.01664436        -0.00948504        0.00301551        -0.00119469
        -0.01528535        0.00284976        -0.00482851        -0.03126957
        0.00710244        0.00166401        -0.00519665        0.00296002
        -0.01588015        -0.01027673        0.00660199        -0.04488391
        -0.01575014        0.00003331        0.01770165        -0.02696342
        -0.03158933        0.00598617        -0.01666269        0.02092857
        NaN        -0.02303690        -0.00312048        -0.00394659
        -0.01484957        -0.03354612        -0.01368638        -0.00287536
        -0.01662875        -0.00502672        -0.00169268        -0.02805472
        -0.01110931        0.00394088        -0.01618366        -0.01059500
        -0.02107875        0.01638349        -0.00453269        -0.00563322
        -0.01704013        0.01061097        0.00379344        -0.00724624
        0.00030497        0.05117942        0.01071207        0.00236218
        0.02070966        0.04913321        0.00489375        0.00378579
        0.02624845        0.02467583        -0.00591991        0.00588605
        0.02980313        0.01649803        0.00298595        0.00246646
        0.02675311        -0.00211067        0.00367637        -0.00109747
        0.02026321        -0.02257658        0.00885435        -0.01145710
        0.02372725        -0.01090398        0.01117778        0.00423979
        0.02433568        -0.00931488        0.01591923        -0.00036566
        0.02270832        -0.02402085        -0.00085302        0.00215633
        0.02564315        -0.03053499        -0.00953763        0.02439719
        0.03142788        -0.02525482        -0.00339850        0.01472719
        0.02325437        -0.00744143        -0.01279694        0.03005898
        0.01934100        -0.00461855        -0.00754050        0.01958604
        0.01650956        0.00924722        -0.01493314        0.00136345
        0.02282814        0.00898111        -0.01116953        -0.00045566
        NaN        -0.02303690        -0.00312048        -0.00394659
        -0.00454073        -0.02661585        -0.00226692        -0.01612579
        -0.03392821        0.00427251        0.00564026        -0.04113989
        -0.01215687        -0.02352390        -0.01220900        0.01707990
        0.01872979        -0.01059294        -0.00886867        -0.00540845
        -0.04717690        0.00604146        -0.02943267        -0.00390415
        0.00363636        0.04396910        -0.00531419        -0.02932063
        -0.00125667        -0.00022713        0.00120912        0.02798247
        0.02085115        -0.00492236        0.00601835        0.00316144
        0.00696172        -0.00426820        0.01725798        -0.00167181
        0.00100312        0.02483248        0.03232925        -0.01942448
        0.00783394        -0.01123163        -0.00919418        -0.02238889
        -0.01640545        -0.04160461        0.01126141        -0.00341042
        0.00662524        0.00416363        -0.03006183        0.02088385
        0.00622896        0.01279748        -0.00473542        0.01086726
        0.00421525        -0.02716701        0.04159107        0.00642311
        -0.00267215        -0.00657287        -0.00141485        -0.00931692
        0.00454262        0.00464578        -0.00864989        -0.00964154
        0.01175293        0.00506051        0.00438233        -0.00613539
        0.02209188        0.03746970        0.01383195        -0.02386277
        0.00493614        0.00774797        -0.00922360        -0.00372797
        NaN        0.00148126        0.00432302        0.00973409
        -0.03012290        -0.00589406        -0.02454594        0.04921046
        -0.02421852        -0.01794481        -0.00837491        0.04430253
        -0.02963156        0.00923051        -0.01205943        0.01370432
        -0.02934654        -0.00801170        -0.00110258        -0.01406854
        -0.02855963        -0.03084808        0.00441472        0.00582179
        -0.01251067        -0.00387935        0.00514850        0.02172821
        -0.01315927        0.01377377        0.01795991        0.02323271
        -0.01448053        0.00216831        0.02630066        0.03037860
        -0.01945155        -0.00944442        0.03042161        0.01380872
        -0.01312951        -0.01269025        0.01569851        0.01515888
        -0.01788409        0.00388391        -0.00860808        0.01117513
        -0.01231555        0.00258536        -0.01292365        -0.00574198
        -0.01157981        0.00551016        -0.00321600        -0.02084183
        -0.00569821        0.00441115        -0.00793217        -0.01488625
        -0.01663335        0.02854900        -0.00184433        -0.01892324
        -0.02748992        0.02768733        -0.01249495        0.00443102
        -0.02612052        0.01576721        -0.00821691        -0.01344192
        -0.02860340        0.02363261        0.01026144        -0.02335347
        -0.00504528        0.00798949        0.00575331        -0.01261318
        -0.00275950        -0.00800787        0.00739668        -0.01539681
        NaN        0.00148126        0.00432302        0.00973409
        0.00098927        -0.01939184        -0.04289078        0.00884335
        0.00472117        0.00128043        0.00653668        0.02575082
        -0.00145463        0.00522897        0.00226970        -0.01257205
        -0.01856147        -0.02015237        -0.00638449        -0.01862164
        -0.00529287        -0.00229131        -0.00653995        0.01384280
        0.00542489        -0.00100598        0.02291759        -0.00341162
        0.00279281        0.00263171        0.02276421        0.00246307
        -0.01662881        -0.03311970        0.01913731        -0.01838380
        0.01462290        -0.02812768        0.00311745        0.01633281
        -0.02545722        0.00828306        -0.02685425        -0.00120068
        -0.01197937        -0.03551135        -0.01327674        -0.01911185
        0.02565787        0.01439460        0.02590327        0.00808731
        0.00666107        0.05015308        0.00702978        0.01941584
        -0.02721626        0.01932822        -0.00007148        -0.00206210
        0.00018569        -0.01566793        -0.00645793        0.00463385
        -0.02445111        0.01087567        0.00391324        -0.01049429
        -0.01555767        0.02789572        -0.00242486        -0.00008537
        -0.02805114        0.01208223        -0.01718452        -0.02445511
        -0.02535744        0.00104174        0.02846173        -0.01668951
        0.00999868        -0.01323093        0.00035184        -0.00984269
